1.499999999999988631e+01 4.871993680884675655e+02 5.442451816745655151e+02
3.914371050552915676e+01 4.593089957287226071e+02 5.470587894926204626e+02
6.328742101105842721e+01 4.348490373820552577e+02 5.498624289665448259e+02
8.743113151658758397e+01 4.135602225091826085e+02 5.526519271025268836e+02
1.115748420221168544e+02 3.951832805708218075e+02 5.554231109067552552e+02
1.357185525276461249e+02 3.794589410276901162e+02 5.581718073854178783e+02
1.598622630331752816e+02 3.661279333405038869e+02 5.608938435447033726e+02
1.840059735387045521e+02 3.549309869699807223e+02 5.635850463908001302e+02
2.081496840442337088e+02 3.456088313768375428e+02 5.662412429298965435e+02
2.322933945497629793e+02 3.379021960217910987e+02 5.688582601681806636e+02
2.564371050552922497e+02 3.315518103655587083e+02 5.714319251118409966e+02
2.805808155608214065e+02 3.262984038688572355e+02 5.739580647670660483e+02
3.047245260663506770e+02 3.218827059924036575e+02 5.764325061400435288e+02
3.288682365718798906e+02 3.180493613868144962e+02 5.788509727886552128e+02
3.530119470774091042e+02 3.146486683702633513e+02 5.812063966582791181e+02
3.771556575829383746e+02 3.116460519545086072e+02 5.834886677826912091e+02
4.012993680884675882e+02 3.090127513265268249e+02 5.856875225718071079e+02
4.254430785939968018e+02 3.067200056732948497e+02 5.877926974355426637e+02
4.495867890995260154e+02 3.047390541817896974e+02 5.897939287838138398e+02
4.737304996050552859e+02 3.030411360389880429e+02 5.916809530265360308e+02
4.978742101105844995e+02 3.015974904318667882e+02 5.934435065736255410e+02
5.220179206161137699e+02 3.003793565474027218e+02 5.950713258349977650e+02
5.461616311216429267e+02 2.993579735725725186e+02 5.965541472205686659e+02
5.703053416271721971e+02 2.985046277526156473e+02 5.978817548580518633e+02
5.944490521327013539e+02 2.977965567941824361e+02 5.990499677480273704e+02
6.185927626382306244e+02 2.972226981300936473e+02 6.000664685922995432e+02
6.427364731437598948e+02 2.967733533213143460e+02 6.009403233394662038e+02
6.668801836492890516e+02 2.964388239288097111e+02 6.016805979381267662e+02
6.910238941548183220e+02 2.962094115135449783e+02 6.022963583368800755e+02
7.151676046603475925e+02 2.960754176364851560e+02 6.027966704843249772e+02
7.393113151658767492e+02 2.960271438585953092e+02 6.031906003290599756e+02
7.634550256714060197e+02 2.960548917408408442e+02 6.034872138196844844e+02
7.875987361769351764e+02 2.961489628441864852e+02 6.036955769047966669e+02
8.124012638230648236e+02 2.961489628441864852e+02 6.036955769047966669e+02
8.365449743285939803e+02 2.960548917408408442e+02 6.034872138196844844e+02
8.606886848341232508e+02 2.960271438585953092e+02 6.031906003290599756e+02
8.848323953396524075e+02 2.960754176364851560e+02 6.027966704843249772e+02
9.089761058451816780e+02 2.962094115135449783e+02 6.022963583368800755e+02
9.331198163507109484e+02 2.964388239288097111e+02 6.016805979381267662e+02
9.572635268562401052e+02 2.967733533213143460e+02 6.009403233394662038e+02
9.814072373617693756e+02 2.972226981300936473e+02 6.000664685922995432e+02
1.005550947867298646e+03 2.977965567941824361e+02 5.990499677480273704e+02
1.029694658372827689e+03 2.985046277526156473e+02 5.978817548580518633e+02
1.053838368878356960e+03 2.993579735725725186e+02 5.965541472205686659e+02
1.077982079383886230e+03 3.003793565474027218e+02 5.950713258349977650e+02
1.102125789889415501e+03 3.015974904318667882e+02 5.934435065736255410e+02
1.126269500394944771e+03 3.030411360389880429e+02 5.916809530265360308e+02
1.150413210900474041e+03 3.047390541817896974e+02 5.897939287838138398e+02
1.174556921406003312e+03 3.067200056732948497e+02 5.877926974355426637e+02
1.198700631911532355e+03 3.090127513265268249e+02 5.856875225718071079e+02
1.222844342417061625e+03 3.116460519545086072e+02 5.834886677826912091e+02
1.246988052922590896e+03 3.146486683702633513e+02 5.812063966582791181e+02
1.271131763428120166e+03 3.180493613868144962e+02 5.788509727886552128e+02
1.295275473933649209e+03 3.218827059924036575e+02 5.764325061400435288e+02
1.319419184439178480e+03 3.262984038688572355e+02 5.739580647670660483e+02
1.343562894944707750e+03 3.315518103655587083e+02 5.714319251118409966e+02
1.367706605450237021e+03 3.379021960217910987e+02 5.688582601681806636e+02
1.391850315955766291e+03 3.456088313768375428e+02 5.662412429298965435e+02
1.415994026461295562e+03 3.549309869699807223e+02 5.635850463908001302e+02
1.440137736966824832e+03 3.661279333405038869e+02 5.608938435447033726e+02
1.464281447472353875e+03 3.794589410276901162e+02 5.581718073854178783e+02
1.488425157977883146e+03 3.951832805708218075e+02 5.554231109067552552e+02
1.512568868483412416e+03 4.135602225091826085e+02 5.526519271025268836e+02
1.536712578988941459e+03 4.348490373820552577e+02 5.498624289665448259e+02
1.560856289494470730e+03 4.593089957287226071e+02 5.470587894926204626e+02
1.585000000000000000e+03 4.871993680884675655e+02 5.442451816745655151e+02
